707	AAAAAAAAAA	20.3041018387553	20.4540311173975	20.4101838755304	20.4611032531825	20.4455445544554	20.4243281471004	20.4299858557284	20.3479490806223	20.3691654879774	20.4002828854314
1	AAAAAAAAAC	21	21	21	21	21	21	21	21	21	12
1	AAAAAAAAAG	21	21	21	21	21	21	21	21	21	21
1	AAAAAAAAAT	15	15	18	6	15	18	12	15	15	6
3	AAAAAAAACA	15.6666666666667	15.6666666666667	16.6666666666667	15.6666666666667	18	14.6666666666667	15.6666666666667	13.6666666666667	11.6666666666667	13.3333333333333
1	AAAAAAAACC	11	8	15	18	18	15	15	12	6	8
1	AAAAAAAACG	6	10	11	11	15	8	11	11	6	10
1	AAAAAAAACT	18	15	18	17	17	9	8	18	12	18
3	AAAAAAAAGA	21	21	21	21	21	21	21	21	21	21
1	AAAAAAAAGC	19	21	21	21	21	21	21	19	21	21
1	AAAAAAAAGG	18	15	18	18	18	15	6	18	18	18
1	AAAAAAAAGT	21	21	21	21	21	21	21	21	21	21
2	AAAAAAAATA	19.5	18	18	15	16.5	16.5	18	19.5	13.5	16.5
1	AAAAAAAATC	21	21	21	21	21	21	21	21	21	21
1	AAAAAAAATG	21	21	21	21	21	21	21	21	21	21
1	AAAAAAAATT	18	15	6	6	12	8	8	18	6	6
7	AAAAAAACAA	18.4285714285714	15.1428571428571	18.2857142857143	18	18.4285714285714	18	18	10.5714285714286	17	18
1	AAAAAAACAC	18	18	18	18	18	18	18	8	18	15
1	AAAAAAACAT	10	11	11	11	6	8	11	10	15	8
1	AAAAAAACCA	18	18	15	18	18	17	18	8	18	18
1	AAAAAAACCC	11	15	11	15	15	11	11	8	8	6
1	AAAAAAACCG	18	7	12	6	12	8	12	18	9	15
1	AAAAAAACCT	18	12	18	15	18	17	8	8	18	12
1	AAAAAAACGA	15	18	18	6	15	15	18	18	8	15
1	AAAAAAACGC	15	9	18	17	17	12	12	17	18	15
1	AAAAAAACGG	18	18	18	18	15	12	18	18	12	15
1	AAAAAAACGT	21	21	21	21	21	21	21	21	21	21
1	AAAAAAACTA	15	9	8	8	6	8	8	6	6	9
1	AAAAAAACTC	15	6	12	8	8	8	8	18	18	12
1	AAAAAAACTG	6	12	15	18	12	15	12	18	18	12
1	AAAAAAACTT	21	21	21	21	21	21	21	21	21	21
1	AAAAAAAGAA	21	21	21	21	21	21	21	21	21	21
1	AAAAAAAGAC	21	21	21	21	21	21	21	21	21	21
1	AAAAAAAGAG	19	21	21	21	21	21	21	21	21	21
1	AAAAAAAGCC	21	21	21	21	21	21	21	21	21	21
1	AAAAAAAGCT	21	21	21	21	21	21	21	21	21	21
1	AAAAAAAGGA	21	21	21	21	21	21	21	21	21	21
1	AAAAAAAGGC	18	18	18	18	18	18	18	6	11	18
1	AAAAAAAGGG	21	21	21	21	21	21	21	21	21	21
1	AAAAAAAGGT	18	18	18	18	18	18	18	12	6	18
1	AAAAAAAGTA	21	21	21	21	21	21	21	21	21	21
1	AAAAAAAGTC	21	21	21	21	21	21	21	21	21	21
2	AAAAAAAGTG	20	21	21	21	21	21	21	21	21	21
1	AAAAAAAGTT	21	21	21	21	21	21	21	21	21	21
1	AAAAAAATAA	11	9	8	8	9	17	15	8	15	15
1	AAAAAAATAC	10	15	11	11	15	11	10	6	11	8
1	AAAAAAATAG	21	21	21	21	21	21	21	21	21	21
1	AAAAAAATAT	17	17	18	12	15	18	9	17	17	8
1	AAAAAAATCC	18	17	15	18	18	18	17	18	8	18
1	AAAAAAATCG	18	18	18	18	18	18	18	18	18	9
